6.0
6.0401
6.0804
6.1209
6.1616
6.202500000000001
6.243600000000001
6.2849
6.3264000000000005
6.3681
6.41
6.452100000000001
6.494400000000001
6.536899999999999
6.579599999999999
6.6225
6.6655999999999995
6.7089
6.7524
6.7961
6.84
6.8841
6.9284
6.9729
7.0176
7.0625
7.1076
7.1529
7.1984
7.2441
7.29
7.3361
7.3824000000000005
7.4289000000000005
7.4756
7.522500000000001
7.5696
7.6169
7.6644
7.7120999999999995
7.76
7.8081
7.8564
7.9049
7.9536
8.0025
8.0516
8.1009
8.1504
8.200099999999999
8.25
8.3001
8.3504
8.4009
8.4516
8.502500000000001
8.5536
8.6049
8.656400000000001
8.7081
8.760000000000002
8.812100000000001
8.8644
8.9169
8.9696
9.022499999999999
9.0756
9.1289
9.1824
9.2361
9.29
9.3441
9.398399999999999
9.4529
9.5076
9.5625
9.6176
9.6729
9.7284
9.7841
9.84
9.8961
9.9524
10.0089
10.0656
10.1225
10.1796
10.2369
10.2944
10.3521
10.41
10.4681
10.526399999999999
10.5849
10.6436
10.7025
10.7616
10.8209
10.8804
10.940100000000001
11.0
